0.00 Reducing table.
0.00 Equivalent columns for reduced table in original table starting from 1
1 2 3 4 5 6 7 8 9 10 11 12 13 14 15 16 17 18 19 20 21 22 23 24 25 26 27 28 29 30 31 32 33 34 35 36 37 38 39 40 41 42 43 44 45 46 47 48 49 50 51 52 53 54 55 56 57 58 59 60 61 62 64 65 67 68 69 70 71 72 73 74 75 76 77 78 79 80 81 82 86 87 88 98 100 102 103 104 105 106 107 108 109 110 112 113 114 115 116 117 119 120 121 122 124 125 126 127 128 129 130 131 132 133 136 137 138 139 140 142 143 144 145 146 148 150 151 153 155 156 157 158 159 160 161 162 163 164 165 166 167 168 169 170 171 172 173 174 175 176 177 178 179 180 181 183 184 185 186 187 189 190 192 193 195 196 197 198 199 200 202 203 204 205 206 208 209 210 211 212 213 214 216 217 218 219 220 221 222 224 225 227 228 231 232 233 234 237 243 244 245 246 247 248 249 250 251 253 255 256 257 258 259 260 261 263 266 267 268 269 270 271 273 274 275 276 278 282 283 285 286 290 291 292 293 294 295 296 298 299 301 302 304 305 306 308 309 310 311 312 313 315 316 317 318 319 321 328 329 330 331 332 334 335 336 337 339 341 342 343 344 345 346 348 349 350 351 353 354 356 357 358 359 360 361 362 368 369 370 371 373 375 376 377 378 379 380 381 382 383 384 385 386 387 388 389 390 391 392 393 394 395 398 399 400 402 403 404 407 408 409 410 411 412 413 415 416 417 418 419 421 423 424 425 426 427 428 429 430 432 433 434 437 438 439 440 441 442 443 446 447 448 449 450 451 452 453 454 455 456 457 458 459 461 462 463 464 465 466 467 468 469 470 472 473 474 477 478 479 480 481 482 483 484 487 490 491 492 493 495 496 497 498 499 500 504 505 506 507 508 509 510 511 512 515 516 517 518 519 520 521 522 524 529 531 532 533 534 535 536 537 538 539 540 541 542 543 544 545 546 549 550 552 553 557 559 560 563 564 565 566 570 571 574 575 576 577 578 580 581 583 584 585 587 590 591 594 596 598 599 600 601 602 603 604 605 607 609 610 611 612 613 614 617 618 619 620 621 622 623 625 628 629 630 631 632 633 634 635 636 637 639 640 641 642 643 644 645 646 648 650 652 655 656 657 659 660 662 664 665 667 668 670 671 673 674 675 677 680 681 682 683 686 687 688 689 690 691 692 693 694 696 700 705 709 710 711 721 722 723 724 725 727 728 730 731 732 733 734 736 737 738 739 740 741 742 743 744 745 747 748 750 751 753 754 755 757 758 759 761 762 763 764 767 769 771 772 773 774 777 778 779 780 781 782 786 787 788 789 790 792 795 796 797 799 802 803 805 808 810 811 812 814 815 816 817 818 819 821 822 828 829 831 834 837 839 840 841 843 844 845 846 847 848 849 850 851 856 857 859 860 861 863 864 865 866 869 870 874 875 877 878 879 880 881 883 884 885 887 888 889 890 892 894 895 897 898 899 900 901 905 906 907 908 909 910 911 915 917 918 919 921 922 924 926 927 929 930 932 933 934 935 936 939 940 941 942 943 945 946 947 948 949 950 951 952 954 956 957 958 959 961 962 963 966 967 968 969 970 972 973 975 976 977 978 979 982 983 984 986 987 988 989 990 991 992 994 995 996 997 998 1000 1002 1003 1005 1006 1009 1013 1017 1018 1019 1021 1022 1025 1026 1027 1028 1029 1031 1032 1033 1036 1039 1040 1041 1043 1044 1045 1047 1048 1055 1058 1059 1060 1061 1062 1063 1065 1066 1067 1068 1069 1070 1071 1074 1075 1076 1077 1078 1079 1080 1081 1082 1083 1084 1085 1086 1087 1088 1089 1091 1092 1095 1096 1097 1098 1100 1101 1103 1105 1107 1108 1109 1110 1111 1112 
 Equivalent columns in original table starting from 1, blank means null set 
63<=> 48 
66<=> 48 
83<=> 47 
84<=> 47 
85<=> 47 
89<=> 48 
90<=> 47 
91<=> 65 
92<=> 47 
93<=> 47 
94<=> 47 
95<=> 48 
96<=> 48 
97<=> 48 
99<=> 86 
101<=> 48 
111<=> 48 
118<=> 70 
123<=> 19 
134<=> 47 
135<=> 47 
141<=> 5 
147<=> 37 
149<=> 54 
152<=> 108 
154<=> 112 
182<=> 47 
188<=> 48 
191<=> 48 
194<=> 48 
201<=> 24 
207<=> 114 
215<=> 196 
223<=> 177 
226<=> 86 
229<=> 158 
230<=> 24 
235<=> 114 
236<=> 114 
238<=> 114 
239<=> 237 
240<=> 114 
241<=> 114 
242<=> 114 
252<=> 5 
254<=> 4 
262<=> 177 
264<=> 47 
265<=> 98 
272<=> 44 
277<=> 114 
279<=> 47 
280<=> 237 
281<=> 114 
284<=> 48 
287<=> 48 
288<=> 47 
289<=> 45 
297<=> 243 
300<=> 177 
303<=> 198 
307<=> 53 
314<=> 274 
320<=> 129 
322<=> 